{"accessors":[{"bufferView":0,"componentType":5126,"count":67356,"max":[15.00013542175293,14.999993324279785,6.9350786209106445],"min":[-15.000129699707031,-14.999993324279785,3.4739246368408203],"type":"VEC3"},{"bufferView":1,"componentType":5126,"count":67356,"type":"VEC3"},{"bufferView":2,"componentType":5126,"count":67356,"type":"VEC2"},{"bufferView":3,"componentType":5125,"count":67356,"type":"SCALAR"},{"bufferView":4,"componentType":5126,"count":108216,"max":[19.788957595825195,29.78483772277832,6.377223491668701],"min":[-19.788957595825195,-29.784835815429688,3.3524138927459717],"type":"VEC3"},{"bufferView":5,"componentType":5126,"count":108216,"type":"VEC3"},{"bufferView":6,"componentType":5126,"count":108216,"type":"VEC2"},{"bufferView":7,"componentType":5125,"count":108216,"type":"SCALAR"},{"bufferView":8,"componentType":5126,"count":108447,"max":[20.000139236450195,30.000036239624023,4.129108428955078],"min":[-20.000038146972656,-30.00035858154297,-1.278418886357035e-15],"type":"VEC3"},{"bufferView":9,"componentType":5126,"count":108447,"type":"VEC3"},{"bufferView":10,"componentType":5125,"count":108447,"type":"SCALAR"},{"bufferView":11,"componentType":5126,"count":17571,"max":[18.620515823364258,28.620521545410156,0.06080000102519989],"min":[-18.62051773071289,-28.620521545410156,-1.278418886357035e-15],"type":"VEC3"},{"bufferView":12,"componentType":5126,"count":17571,"type":"VEC3"},{"bufferView":13,"componentType":5126,"count":17571,"type":"VEC2"},{"bufferView":14,"componentType":5125,"count":17571,"type":"SCALAR"},{"bufferView":15,"componentType":5126,"count":67356,"max":[15.00013542175293,14.999993324279785,6.9350786209106445],"min":[-15.000129699707031,-14.999993324279785,3.4739246368408203],"type":"VEC3"},{"bufferView":16,"componentType":5126,"count":67356,"type":"VEC3"},{"bufferView":17,"componentType":5126,"count":67356,"type":"VEC2"},{"bufferView":18,"componentType":5125,"count":67356,"type":"SCALAR"},{"bufferView":19,"componentType":5126,"count":113814,"max":[19.856115341186523,29.853282928466797,6.377223491668701],"min":[-19.856115341186523,-29.853282928466797,3.3524138927459717],"type":"VEC3"},{"bufferView":20,"componentType":5126,"count":113814,"type":"VEC3"},{"bufferView":21,"componentType":5126,"count":113814,"type":"VEC2"},{"bufferView":22,"componentType":5125,"count":113814,"type":"SCALAR"},{"bufferView":23,"componentType":5126,"count":108957,"max":[20.000139236450195,30.000036239624023,4.098270893096924],"min":[-20.000038146972656,-30.00035858154297,-1.278418886357035e-15],"type":"VEC3"},{"bufferView":24,"componentType":5126,"count":108957,"type":"VEC3"},{"bufferView":25,"componentType":5125,"count":108957,"type":"SCALAR"},{"bufferView":26,"componentType":5126,"count":11463,"max":[18.30531883239746,28.303884506225586,0.009205132722854614],"min":[-18.303876876831055,-28.303882598876953,-1.278418886357035e-15],"type":"VEC3"},{"bufferView":27,"componentType":5126,"count":11463,"type":"VEC3"},{"bufferView":28,"componentType":5126,"count":11463,"type":"VEC2"},{"bufferView":29,"componentType":5125,"count":11463,"type":"SCALAR"},{"bufferView":30,"componentType":5126,"count":56940,"max":[17.499568939208984,1.750033974647522,17.40459632873535],"min":[-17.499568939208984,-1.7499173879623413,-17.498769760131836],"type":"VEC3"},{"bufferView":31,"componentType":5126,"count":56940,"type":"VEC3"},{"bufferView":32,"componentType":5126,"count":56940,"type":"VEC2"},{"bufferView":33,"componentType":5125,"count":56940,"type":"SCALAR"},{"bufferView":34,"componentType":5126,"count":32472,"max":[17.49016571044922,0.5139177441596985,16.857860565185547],"min":[-17.491825103759766,-1.7499994039535522,-17.491025924682617],"type":"VEC3"},{"bufferView":35,"componentType":5126,"count":32472,"type":"VEC3"},{"bufferView":36,"componentType":5126,"count":32472,"type":"VEC2"},{"bufferView":37,"componentType":5125,"count":32472,"type":"SCALAR"}],"asset":{"generator":"Luxion KeyShot","version":"2.0"},"bufferViews":[{"buffer":0,"byteLength":808272,"byteOffset":0,"byteStride":12},{"buffer":0,"byteLength":808272,"byteOffset":808272,"byteStride":12},{"buffer":0,"byteLength":538848,"byteOffset":1616544,"byteStride":8},{"buffer":0,"byteLength":269424,"byteOffset":2155392},{"buffer":0,"byteLength":1298592,"byteOffset":2424816,"byteStride":12},{"buffer":0,"byteLength":1298592,"byteOffset":3723408,"byteStride":12},{"buffer":0,"byteLength":865728,"byteOffset":5022000,"byteStride":8},{"buffer":0,"byteLength":432864,"byteOffset":5887728},{"buffer":0,"byteLength":1301364,"byteOffset":6320592,"byteStride":12},{"buffer":0,"byteLength":1301364,"byteOffset":7621956,"byteStride":12},{"buffer":0,"byteLength":433788,"byteOffset":8923320},{"buffer":0,"byteLength":210852,"byteOffset":9357108,"byteStride":12},{"buffer":0,"byteLength":210852,"byteOffset":9567960,"byteStride":12},{"buffer":0,"byteLength":140568,"byteOffset":9778812,"byteStride":8},{"buffer":0,"byteLength":70284,"byteOffset":9919380},{"buffer":0,"byteLength":808272,"byteOffset":9989664,"byteStride":12},{"buffer":0,"byteLength":808272,"byteOffset":10797936,"byteStride":12},{"buffer":0,"byteLength":538848,"byteOffset":11606208,"byteStride":8},{"buffer":0,"byteLength":269424,"byteOffset":12145056},{"buffer":0,"byteLength":1365768,"byteOffset":12414480,"byteStride":12},{"buffer":0,"byteLength":1365768,"byteOffset":13780248,"byteStride":12},{"buffer":0,"byteLength":910512,"byteOffset":15146016,"byteStride":8},{"buffer":0,"byteLength":455256,"byteOffset":16056528},{"buffer":0,"byteLength":1307484,"byteOffset":16511784,"byteStride":12},{"buffer":0,"byteLength":1307484,"byteOffset":17819268,"byteStride":12},{"buffer":0,"byteLength":435828,"byteOffset":19126752},{"buffer":0,"byteLength":137556,"byteOffset":19562580,"byteStride":12},{"buffer":0,"byteLength":137556,"byteOffset":19700136,"byteStride":12},{"buffer":0,"byteLength":91704,"byteOffset":19837692,"byteStride":8},{"buffer":0,"byteLength":45852,"byteOffset":19929396},{"buffer":0,"byteLength":683280,"byteOffset":19975248,"byteStride":12},{"buffer":0,"byteLength":683280,"byteOffset":20658528,"byteStride":12},{"buffer":0,"byteLength":455520,"byteOffset":21341808,"byteStride":8},{"buffer":0,"byteLength":227760,"byteOffset":21797328},{"buffer":0,"byteLength":389664,"byteOffset":22025088,"byteStride":12},{"buffer":0,"byteLength":389664,"byteOffset":22414752,"byteStride":12},{"buffer":0,"byteLength":259776,"byteOffset":22804416,"byteStride":8},{"buffer":0,"byteLength":129888,"byteOffset":23064192}],"buffers":[{"byteLength":23194080,"uri":"./AR_resources/AR.bin"}],"cameras":[{"name":"active","perspective":{"aspectRatio":1.0,"yfov":0.5033791244960357,"zfar":278.4283447265625,"znear":165.49073791503906},"type":"perspective"},{"name":"Front","perspective":{"aspectRatio":1.0,"yfov":0.5033791244960357,"zfar":292.1490783691406,"znear":240.95022583007813},"type":"perspective"},{"name":"Camera 1","perspective":{"aspectRatio":1.0,"yfov":0.5033791244960357,"zfar":273.22894287109375,"znear":160.2913360595703},"type":"perspective"}],"images":[{"uri":"./AR_resources/Material_Sample_v2_567565252_color.png"},{"uri":"./AR_resources/Material_Sample_v2_567565252_roughness_metalness.png"},{"uri":"./AR_resources/Material_Sample_v2_1_567565233_normal.png"},{"uri":"./AR_resources/Material_Sample_v2_1_567565233_color.png"},{"uri":"./AR_resources/Material_Sample_v2_1_567565233_roughness_metalness.png"},{"uri":"./AR_resources/Material_Sample_v2_0_1_567565249_normal.png"},{"uri":"./AR_resources/Material_Sample_v2_0_1_567565249_color.png"},{"uri":"./AR_resources/Material_Sample_v2_0_1_567565249_roughness_metalness.png"},{"uri":"./AR_resources/Material_Sample_v2_18_color.png"},{"uri":"./AR_resources/Material_Sample_v2_18_roughness_metalness.png"},{"uri":"./AR_resources/Material_Sample_v2_1_567565235_normal.png"},{"uri":"./AR_resources/Material_Sample_v2_1_567565235_color.png"},{"uri":"./AR_resources/Material_Sample_v2_1_567565235_roughness_metalness.png"},{"uri":"./AR_resources/Material_Sample_v2_0_1_567565247_normal.png"},{"uri":"./AR_resources/Material_Sample_v2_0_1_567565247_color.png"},{"uri":"./AR_resources/Material_Sample_v2_0_1_567565247_roughness_metalness.png"},{"uri":"./AR_resources/Keyring_0_567565255_color.png"},{"uri":"./AR_resources/Keyring_0_567565255_roughness_metalness.png"},{"uri":"./AR_resources/Keyring_1_567565256_color.png"},{"uri":"./AR_resources/Keyring_1_567565256_roughness_metalness.png"}],"materials":[{"doubleSided":true,"pbrMetallicRoughness":{"baseColorTexture":{"index":0},"metallicRoughnessTexture":{"index":1}}},{"doubleSided":true,"normalTexture":{"index":2,"scale":-1},"pbrMetallicRoughness":{"baseColorTexture":{"index":3},"metallicRoughnessTexture":{"index":4}}},{"doubleSided":true,"pbrMetallicRoughness":{"baseColorFactor":[0.13585922122001648,0.13585922122001648,0.13585920631885529,1.0],"metallicFactor":0.0,"roughnessFactor":0.0}},{"doubleSided":true,"normalTexture":{"index":5,"scale":-1},"pbrMetallicRoughness":{"baseColorTexture":{"index":6},"metallicRoughnessTexture":{"index":7}}},{"doubleSided":true,"pbrMetallicRoughness":{"baseColorTexture":{"index":8},"metallicRoughnessTexture":{"index":9}}},{"doubleSided":true,"normalTexture":{"index":10,"scale":-1},"pbrMetallicRoughness":{"baseColorTexture":{"index":11},"metallicRoughnessTexture":{"index":12}}},{"doubleSided":true,"normalTexture":{"index":13,"scale":-1},"pbrMetallicRoughness":{"baseColorTexture":{"index":14},"metallicRoughnessTexture":{"index":15}}},{"doubleSided":true,"pbrMetallicRoughness":{"baseColorTexture":{"index":16},"metallicRoughnessTexture":{"index":17}}},{"doubleSided":true,"pbrMetallicRoughness":{"baseColorTexture":{"index":18},"metallicRoughnessTexture":{"index":19}}}],"meshes":[{"name":"Material Sample v2-mesh","primitives":[{"attributes":{"NORMAL":1,"POSITION":0,"TEXCOORD_0":2},"indices":3,"material":0,"mode":4}]},{"name":"Material Sample v2_1-mesh","primitives":[{"attributes":{"NORMAL":5,"POSITION":4,"TEXCOORD_0":6},"indices":7,"material":1,"mode":4}]},{"name":"Material Sample v2_0_0-mesh","primitives":[{"attributes":{"NORMAL":9,"POSITION":8},"indices":10,"material":2,"mode":4}]},{"name":"Material Sample v2_0_1-mesh","primitives":[{"attributes":{"NORMAL":12,"POSITION":11,"TEXCOORD_0":13},"indices":14,"material":3,"mode":4}]},{"name":"Material Sample v2-mesh","primitives":[{"attributes":{"NORMAL":16,"POSITION":15,"TEXCOORD_0":17},"indices":18,"material":4,"mode":4}]},{"name":"Material Sample v2_1-mesh","primitives":[{"attributes":{"NORMAL":20,"POSITION":19,"TEXCOORD_0":21},"indices":22,"material":5,"mode":4}]},{"name":"Material Sample v2_0_0-mesh","primitives":[{"attributes":{"NORMAL":24,"POSITION":23},"indices":25,"material":2,"mode":4}]},{"name":"Material Sample v2_0_1-mesh","primitives":[{"attributes":{"NORMAL":27,"POSITION":26,"TEXCOORD_0":28},"indices":29,"material":6,"mode":4}]},{"name":"Keyring_0-mesh","primitives":[{"attributes":{"NORMAL":31,"POSITION":30,"TEXCOORD_0":32},"indices":33,"material":7,"mode":4}]},{"name":"Keyring_1-mesh","primitives":[{"attributes":{"NORMAL":35,"POSITION":34,"TEXCOORD_0":36},"indices":37,"material":8,"mode":4}]}],"nodes":[{"camera":0,"matrix":[0.8705705363736875,3.712729501614831e-08,-0.4920436164346267,0.0,-0.17211626682039183,0.9368248582201447,-0.30452445868200817,0.0,0.46095868945121765,0.3497987389564514,0.8155721426010132,0.0,97.23482513427734,150.9999237060547,182.83534240722656,1.0],"name":"active"},{"camera":1,"matrix":[1.0,4.371139894487897e-08,-1.1924900178428288e-08,0.0,-4.371139894487897e-08,1.0000000000000002,5.212540690771374e-16,0.0,1.1924900178428288e-08,0.0,1.0,0.0,-12.520299911499023,75.80599975585938,271.5589904785156,1.0],"name":"Front"},{"camera":2,"matrix":[0.8705705363736875,3.712729501614831e-08,-0.4920436164346267,0.0,-0.17211626682039183,0.9368248582201447,-0.30452445868200817,0.0,0.46095868945121765,0.3497987389564514,0.8155721426010132,0.0,94.8381118774414,149.18118286132813,178.5948486328125,1.0],"name":"Camera 1"},{"matrix":[0.7238060235977173,0.43377000093460083,0.5366079807281494,0.0,0.5616099834442139,0.08146499842405319,-0.8233820199966431,0.0,-0.40087300539016724,0.897333025932312,-0.18464499711990356,0.0,-10.384400367736816,16.621599197387695,20.088499069213867,1.0],"name":"Keyring"},{"mesh":0,"name":"Material Sample v2"},{"mesh":1,"name":"Material Sample v2_1"},{"mesh":2,"name":"Material Sample v2_0_0"},{"mesh":3,"name":"Material Sample v2_0_1"},{"children":[6,7],"name":"Material Sample v2_0"},{"children":[5,8],"name":"Material Sample v2_triangles"},{"children":[4,9],"matrix":[0.4822460114955902,0.4822460114955902,-0.7313539981842041,0.0,-0.7071070075035095,0.7071070075035095,2.1260500506303337e-17,0.0,0.5171449780464172,0.5171449780464172,0.6819980144500732,0.0,20.765899658203125,-7.157080173492432,13.839900016784668,1.0],"name":"Material Sample v2"},{"mesh":4,"name":"Material Sample v2"},{"mesh":5,"name":"Material Sample v2_1"},{"mesh":6,"name":"Material Sample v2_0_0"},{"mesh":7,"name":"Material Sample v2_0_1"},{"children":[13,14],"name":"Material Sample v2_0"},{"children":[12,15],"name":"Material Sample v2_triangles"},{"children":[11,16],"matrix":[0.8191519975662231,0.0,-0.5735759735107422,0.0,0.0,1.0,0.0,0.0,0.5735759735107422,0.0,0.8191519975662231,0.0,3.407589912414551,-24.0,10.73840045928955,1.0],"name":"Material Sample v2"},{"mesh":8,"name":"Keyring_0"},{"mesh":9,"name":"Keyring_1"},{"children":[18,19],"matrix":[0.7238060235977174,0.43377000093460083,0.5366079807281494,0.0,0.5616099834442139,0.08146499842405319,-0.8233820199966431,0.0,-0.40087300539016724,0.897333025932312,-0.1846449971199036,0.0,-10.384400367736824,16.621599197387695,20.088499069213864,1.0],"name":"Keyring_triangles"},{"children":[3,10,17,20],"matrix":[0.8620929718017578,-0.4550580084323883,0.2229740023612976,0.0,0.49644899368286133,0.8466839790344238,-0.19147899746894836,0.0,-0.10165400058031082,0.2757680118083954,0.9558339715003967,0.0,-12.057700157165527,81.46929931640625,-15.143400192260742,1.0],"name":"Material Sample Assembly v2"},{"children":[21],"name":"Default"},{"children":[22],"matrix":[0.001,0.0,0.0,0.0,0.0,0.001,0.0,0.0,0.0,0.0,0.001,0.0,0.0,0.0,0.0,1.0],"name":"lux_root"}],"samplers":[{"magFilter":9729,"minFilter":9987,"wrapS":10497,"wrapT":10497},{"magFilter":9729,"minFilter":9987,"wrapS":10497,"wrapT":10497},{"magFilter":9729,"minFilter":9987,"wrapS":10497,"wrapT":10497},{"magFilter":9729,"minFilter":9987,"wrapS":10497,"wrapT":10497},{"magFilter":9729,"minFilter":9987,"wrapS":10497,"wrapT":10497},{"magFilter":9729,"minFilter":9987,"wrapS":10497,"wrapT":10497},{"magFilter":9729,"minFilter":9987,"wrapS":10497,"wrapT":10497},{"magFilter":9729,"minFilter":9987,"wrapS":10497,"wrapT":10497},{"magFilter":9729,"minFilter":9987,"wrapS":10497,"wrapT":10497},{"magFilter":9729,"minFilter":9987,"wrapS":10497,"wrapT":10497},{"magFilter":9729,"minFilter":9987,"wrapS":10497,"wrapT":10497},{"magFilter":9729,"minFilter":9987,"wrapS":10497,"wrapT":10497},{"magFilter":9729,"minFilter":9987,"wrapS":10497,"wrapT":10497},{"magFilter":9729,"minFilter":9987,"wrapS":10497,"wrapT":10497},{"magFilter":9729,"minFilter":9987,"wrapS":10497,"wrapT":10497},{"magFilter":9729,"minFilter":9987,"wrapS":10497,"wrapT":10497},{"magFilter":9729,"minFilter":9987,"wrapS":10497,"wrapT":10497},{"magFilter":9729,"minFilter":9987,"wrapS":10497,"wrapT":10497},{"magFilter":9729,"minFilter":9987,"wrapS":10497,"wrapT":10497},{"magFilter":9729,"minFilter":9987,"wrapS":10497,"wrapT":10497}],"scenes":[{"nodes":[0,1,2,23]}],"textures":[{"sampler":0,"source":0},{"sampler":1,"source":1},{"sampler":2,"source":2},{"sampler":3,"source":3},{"sampler":4,"source":4},{"sampler":5,"source":5},{"sampler":6,"source":6},{"sampler":7,"source":7},{"sampler":8,"source":8},{"sampler":9,"source":9},{"sampler":10,"source":10},{"sampler":11,"source":11},{"sampler":12,"source":12},{"sampler":13,"source":13},{"sampler":14,"source":14},{"sampler":15,"source":15},{"sampler":16,"source":16},{"sampler":17,"source":17},{"sampler":18,"source":18},{"sampler":19,"source":19}]}   